25 0 35
0 25 26
0 35 36
34 1 45
34 1 55
1 34 33
45 1 55
1 45 46
1 55 56
54 2 65
54 2 75
2 54 53
65 2 75
2 65 66
2 75 76
74 3 85
74 3 95
3 74 73
85 3 95
3 85 86
3 95 96
94 4 105
4 94 93
4 105 106
44 5 115
44 5 125
5 44 43
115 5 125
5 115 116
5 125 126
64 6 124
64 6 135
64 6 145
6 64 63
124 6 135
124 6 145
6 124 123
135 6 145
6 135 136
6 145 146
84 7 144
84 7 155
84 7 165
7 84 83
144 7 155
144 7 165
7 144 143
155 7 165
7 155 156
7 165 166
104 8 164
104 8 175
104 8 185
8 104 103
164 8 175
164 8 185
8 164 163
175 8 185
8 175 176
8 185 186
114 9 184
114 9 195
9 114 113
184 9 195
9 184 183
9 195 196
134 10 205
134 10 215
10 134 133
205 10 215
10 205 206
10 215 216
154 11 214
154 11 225
154 11 235
11 154 153
214 11 225
214 11 235
11 214 213
225 11 235
11 225 226
11 235 236
174 12 234
174 12 245
174 12 255
12 174 173
234 12 245
234 12 255
12 234 233
245 12 255
12 245 246
12 255 256
194 13 254
194 13 265
194 13 275
13 194 193
254 13 265
254 13 275
13 254 253
265 13 275
13 265 266
13 275 276
204 14 274
204 14 285
14 204 203
274 14 285
14 274 273
14 285 286
224 15 295
224 15 305
15 224 223
295 15 305
15 295 296
15 305 306
244 16 304
244 16 315
244 16 325
16 244 243
304 16 315
304 16 325
16 304 303
315 16 325
16 315 316
16 325 326
264 17 324
264 17 335
264 17 345
17 264 263
324 17 335
324 17 345
17 324 323
335 17 345
17 335 336
17 345 346
284 18 344
284 18 355
284 18 365
18 284 283
344 18 355
344 18 365
18 344 343
355 18 365
18 355 356
18 365 366
294 19 364
294 19 375
19 294 293
364 19 375
19 364 363
19 375 376
314 20 385
20 314 313
20 385 386
334 21 394
334 21 395
21 334 333
394 21 395
21 394 393
21 395 396
354 22 404
354 22 405
22 354 353
404 22 405
22 404 403
22 405 406
374 23 414
374 23 415
23 374 373
414 23 415
23 414 413
23 415 416
384 24 424
24 384 383
24 424 423
25 26 27
26 27 28
27 28 29
28 29 30
29 30 31
30 31 32
31 32 33
32 33 34
35 36 37
36 37 38
37 38 39
38 39 40
39 40 41
40 41 42
41 42 43
42 43 44
45 46 47
46 47 48
47 48 49
48 49 50
49 50 51
50 51 52
51 52 53
52 53 54
55 56 57
56 57 58
57 58 59
58 59 60
59 60 61
60 61 62
61 62 63
62 63 64
65 66 67
66 67 68
67 68 69
68 69 70
69 70 71
70 71 72
71 72 73
72 73 74
75 76 77
76 77 78
77 78 79
78 79 80
79 80 81
80 81 82
81 82 83
82 83 84
85 86 87
86 87 88
87 88 89
88 89 90
89 90 91
90 91 92
91 92 93
92 93 94
95 96 97
96 97 98
97 98 99
98 99 100
99 100 101
100 101 102
101 102 103
102 103 104
105 106 107
106 107 108
107 108 109
108 109 110
109 110 111
110 111 112
111 112 113
112 113 114
115 116 117
116 117 118
117 118 119
118 119 120
119 120 121
120 121 122
121 122 123
122 123 124
125 126 127
126 127 128
127 128 129
128 129 130
129 130 131
130 131 132
131 132 133
132 133 134
135 136 137
136 137 138
137 138 139
138 139 140
139 140 141
140 141 142
141 142 143
142 143 144
145 146 147
146 147 148
147 148 149
148 149 150
149 150 151
150 151 152
151 152 153
152 153 154
155 156 157
156 157 158
157 158 159
158 159 160
159 160 161
160 161 162
161 162 163
162 163 164
165 166 167
166 167 168
167 168 169
168 169 170
169 170 171
170 171 172
171 172 173
172 173 174
175 176 177
176 177 178
177 178 179
178 179 180
179 180 181
180 181 182
181 182 183
182 183 184
185 186 187
186 187 188
187 188 189
188 189 190
189 190 191
190 191 192
191 192 193
192 193 194
195 196 197
196 197 198
197 198 199
198 199 200
199 200 201
200 201 202
201 202 203
202 203 204
205 206 207
206 207 208
207 208 209
208 209 210
209 210 211
210 211 212
211 212 213
212 213 214
215 216 217
216 217 218
217 218 219
218 219 220
219 220 221
220 221 222
221 222 223
222 223 224
225 226 227
226 227 228
227 228 229
228 229 230
229 230 231
230 231 232
231 232 233
232 233 234
235 236 237
236 237 238
237 238 239
238 239 240
239 240 241
240 241 242
241 242 243
242 243 244
245 246 247
246 247 248
247 248 249
248 249 250
249 250 251
250 251 252
251 252 253
252 253 254
255 256 257
256 257 258
257 258 259
258 259 260
259 260 261
260 261 262
261 262 263
262 263 264
265 266 267
266 267 268
267 268 269
268 269 270
269 270 271
270 271 272
271 272 273
272 273 274
275 276 277
276 277 278
277 278 279
278 279 280
279 280 281
280 281 282
281 282 283
282 283 284
285 286 287
286 287 288
287 288 289
288 289 290
289 290 291
290 291 292
291 292 293
292 293 294
295 296 297
296 297 298
297 298 299
298 299 300
299 300 301
300 301 302
301 302 303
302 303 304
305 306 307
306 307 308
307 308 309
308 309 310
309 310 311
310 311 312
311 312 313
312 313 314
315 316 317
316 317 318
317 318 319
318 319 320
319 320 321
320 321 322
321 322 323
322 323 324
325 326 327
326 327 328
327 328 329
328 329 330
329 330 331
330 331 332
331 332 333
332 333 334
335 336 337
336 337 338
337 338 339
338 339 340
339 340 341
340 341 342
341 342 343
342 343 344
345 346 347
346 347 348
347 348 349
348 349 350
349 350 351
350 351 352
351 352 353
352 353 354
355 356 357
356 357 358
357 358 359
358 359 360
359 360 361
360 361 362
361 362 363
362 363 364
365 366 367
366 367 368
367 368 369
368 369 370
369 370 371
370 371 372
371 372 373
372 373 374
375 376 377
376 377 378
377 378 379
378 379 380
379 380 381
380 381 382
381 382 383
382 383 384
385 386 387
386 387 388
387 388 389
388 389 390
389 390 391
390 391 392
391 392 393
392 393 394
395 396 397
396 397 398
397 398 399
398 399 400
399 400 401
400 401 402
401 402 403
402 403 404
405 406 407
406 407 408
407 408 409
408 409 410
409 410 411
410 411 412
411 412 413
412 413 414
415 416 417
416 417 418
417 418 419
418 419 420
419 420 421
420 421 422
421 422 423
422 423 424
