-0.5 -0.5
-0.25 -0.5
0 -0.5
0.25 -0.5
0.5 -0.5
-0.5 -0.25
-0.25 -0.25
0 -0.25
0.25 -0.25
0.5 -0.25
-0.5 0
-0.25 0
0 0
0.25 0
0.5 0
-0.5 0.25
-0.25 0.25
0 0.25
0.25 0.25
0.5 0.25
-0.5 0.5
-0.25 0.5
0 0.5
0.25 0.5
0.5 0.5
-0.47727 -0.5
-0.45455 -0.5
-0.43182 -0.5
-0.40909 -0.5
-0.38636 -0.5
-0.36364 -0.5
-0.34091 -0.5
-0.31818 -0.5
-0.29545 -0.5
-0.27273 -0.5
-0.5 -0.47727
-0.5 -0.45455
-0.5 -0.43182
-0.5 -0.40909
-0.5 -0.38636
-0.5 -0.36364
-0.5 -0.34091
-0.5 -0.31818
-0.5 -0.29545
-0.5 -0.27273
-0.22727 -0.5
-0.20455 -0.5
-0.18182 -0.5
-0.15909 -0.5
-0.13636 -0.5
-0.11364 -0.5
-0.090909 -0.5
-0.068182 -0.5
-0.045455 -0.5
-0.022727 -0.5
-0.25 -0.47727
-0.25 -0.45455
-0.25 -0.43182
-0.25 -0.40909
-0.25 -0.38636
-0.25 -0.36364
-0.25 -0.34091
-0.25 -0.31818
-0.25 -0.29545
-0.25 -0.27273
0.022727 -0.5
0.045455 -0.5
0.068182 -0.5
0.090909 -0.5
0.11364 -0.5
0.13636 -0.5
0.15909 -0.5
0.18182 -0.5
0.20455 -0.5
0.22727 -0.5
0 -0.47727
0 -0.45455
0 -0.43182
0 -0.40909
0 -0.38636
0 -0.36364
0 -0.34091
0 -0.31818
0 -0.29545
0 -0.27273
0.27273 -0.5
0.29545 -0.5
0.31818 -0.5
0.34091 -0.5
0.36364 -0.5
0.38636 -0.5
0.40909 -0.5
0.43182 -0.5
0.45455 -0.5
0.47727 -0.5
0.25 -0.47727
0.25 -0.45455
0.25 -0.43182
0.25 -0.40909
0.25 -0.38636
0.25 -0.36364
0.25 -0.34091
0.25 -0.31818
0.25 -0.29545
0.25 -0.27273
0.5 -0.47727
0.5 -0.45455
0.5 -0.43182
0.5 -0.40909
0.5 -0.38636
0.5 -0.36364
0.5 -0.34091
0.5 -0.31818
0.5 -0.29545
0.5 -0.27273
-0.47727 -0.25
-0.45455 -0.25
-0.43182 -0.25
-0.40909 -0.25
-0.38636 -0.25
-0.36364 -0.25
-0.34091 -0.25
-0.31818 -0.25
-0.29545 -0.25
-0.27273 -0.25
-0.5 -0.22727
-0.5 -0.20455
-0.5 -0.18182
-0.5 -0.15909
-0.5 -0.13636
-0.5 -0.11364
-0.5 -0.090909
-0.5 -0.068182
-0.5 -0.045455
-0.5 -0.022727
-0.22727 -0.25
-0.20455 -0.25
-0.18182 -0.25
-0.15909 -0.25
-0.13636 -0.25
-0.11364 -0.25
-0.090909 -0.25
-0.068182 -0.25
-0.045455 -0.25
-0.022727 -0.25
-0.25 -0.22727
-0.25 -0.20455
-0.25 -0.18182
-0.25 -0.15909
-0.25 -0.13636
-0.25 -0.11364
-0.25 -0.090909
-0.25 -0.068182
-0.25 -0.045455
-0.25 -0.022727
0.022727 -0.25
0.045455 -0.25
0.068182 -0.25
0.090909 -0.25
0.11364 -0.25
0.13636 -0.25
0.15909 -0.25
0.18182 -0.25
0.20455 -0.25
0.22727 -0.25
0 -0.22727
0 -0.20455
0 -0.18182
0 -0.15909
0 -0.13636
0 -0.11364
0 -0.090909
0 -0.068182
0 -0.045455
0 -0.022727
0.27273 -0.25
0.29545 -0.25
0.31818 -0.25
0.34091 -0.25
0.36364 -0.25
0.38636 -0.25
0.40909 -0.25
0.43182 -0.25
0.45455 -0.25
0.47727 -0.25
0.25 -0.22727
0.25 -0.20455
0.25 -0.18182
0.25 -0.15909
0.25 -0.13636
0.25 -0.11364
0.25 -0.090909
0.25 -0.068182
0.25 -0.045455
0.25 -0.022727
0.5 -0.22727
0.5 -0.20455
0.5 -0.18182
0.5 -0.15909
0.5 -0.13636
0.5 -0.11364
0.5 -0.090909
0.5 -0.068182
0.5 -0.045455
0.5 -0.022727
-0.47727 0
-0.45455 0
-0.43182 0
-0.40909 0
-0.38636 0
-0.36364 0
-0.34091 0
-0.31818 0
-0.29545 0
-0.27273 0
-0.5 0.022727
-0.5 0.045455
-0.5 0.068182
-0.5 0.090909
-0.5 0.11364
-0.5 0.13636
-0.5 0.15909
-0.5 0.18182
-0.5 0.20455
-0.5 0.22727
-0.22727 0
-0.20455 0
-0.18182 0
-0.15909 0
-0.13636 0
-0.11364 0
-0.090909 0
-0.068182 0
-0.045455 0
-0.022727 0
-0.25 0.022727
-0.25 0.045455
-0.25 0.068182
-0.25 0.090909
-0.25 0.11364
-0.25 0.13636
-0.25 0.15909
-0.25 0.18182
-0.25 0.20455
-0.25 0.22727
0.022727 0
0.045455 0
0.068182 0
0.090909 0
0.11364 0
0.13636 0
0.15909 0
0.18182 0
0.20455 0
0.22727 0
0 0.022727
0 0.045455
0 0.068182
0 0.090909
0 0.11364
0 0.13636
0 0.15909
0 0.18182
0 0.20455
0 0.22727
0.27273 0
0.29545 0
0.31818 0
0.34091 0
0.36364 0
0.38636 0
0.40909 0
0.43182 0
0.45455 0
0.47727 0
0.25 0.022727
0.25 0.045455
0.25 0.068182
0.25 0.090909
0.25 0.11364
0.25 0.13636
0.25 0.15909
0.25 0.18182
0.25 0.20455
0.25 0.22727
0.5 0.022727
0.5 0.045455
0.5 0.068182
0.5 0.090909
0.5 0.11364
0.5 0.13636
0.5 0.15909
0.5 0.18182
0.5 0.20455
0.5 0.22727
-0.47727 0.25
-0.45455 0.25
-0.43182 0.25
-0.40909 0.25
-0.38636 0.25
-0.36364 0.25
-0.34091 0.25
-0.31818 0.25
-0.29545 0.25
-0.27273 0.25
-0.5 0.27273
-0.5 0.29545
-0.5 0.31818
-0.5 0.34091
-0.5 0.36364
-0.5 0.38636
-0.5 0.40909
-0.5 0.43182
-0.5 0.45455
-0.5 0.47727
-0.22727 0.25
-0.20455 0.25
-0.18182 0.25
-0.15909 0.25
-0.13636 0.25
-0.11364 0.25
-0.090909 0.25
-0.068182 0.25
-0.045455 0.25
-0.022727 0.25
-0.25 0.27273
-0.25 0.29545
-0.25 0.31818
-0.25 0.34091
-0.25 0.36364
-0.25 0.38636
-0.25 0.40909
-0.25 0.43182
-0.25 0.45455
-0.25 0.47727
0.022727 0.25
0.045455 0.25
0.068182 0.25
0.090909 0.25
0.11364 0.25
0.13636 0.25
0.15909 0.25
0.18182 0.25
0.20455 0.25
0.22727 0.25
0 0.27273
0 0.29545
0 0.31818
0 0.34091
0 0.36364
0 0.38636
0 0.40909
0 0.43182
0 0.45455
0 0.47727
0.27273 0.25
0.29545 0.25
0.31818 0.25
0.34091 0.25
0.36364 0.25
0.38636 0.25
0.40909 0.25
0.43182 0.25
0.45455 0.25
0.47727 0.25
0.25 0.27273
0.25 0.29545
0.25 0.31818
0.25 0.34091
0.25 0.36364
0.25 0.38636
0.25 0.40909
0.25 0.43182
0.25 0.45455
0.25 0.47727
0.5 0.27273
0.5 0.29545
0.5 0.31818
0.5 0.34091
0.5 0.36364
0.5 0.38636
0.5 0.40909
0.5 0.43182
0.5 0.45455
0.5 0.47727
-0.47727 0.5
-0.45455 0.5
-0.43182 0.5
-0.40909 0.5
-0.38636 0.5
-0.36364 0.5
-0.34091 0.5
-0.31818 0.5
-0.29545 0.5
-0.27273 0.5
-0.22727 0.5
-0.20455 0.5
-0.18182 0.5
-0.15909 0.5
-0.13636 0.5
-0.11364 0.5
-0.090909 0.5
-0.068182 0.5
-0.045455 0.5
-0.022727 0.5
0.022727 0.5
0.045455 0.5
0.068182 0.5
0.090909 0.5
0.11364 0.5
0.13636 0.5
0.15909 0.5
0.18182 0.5
0.20455 0.5
0.22727 0.5
0.27273 0.5
0.29545 0.5
0.31818 0.5
0.34091 0.5
0.36364 0.5
0.38636 0.5
0.40909 0.5
0.43182 0.5
0.45455 0.5
0.47727 0.5
